subfolder: TempLSTM_lag1
=== df_metric ===
	nrmse	r	r2	rmse
T_C	0.03381460646658084	0.9789522344977164	0.9570460475758549	0.8183134764912563
T_i	0.01195514710871853	0.9026703504521438	0.8147036898326521	5.07885500853741
Tavg	0.043852248895248996	0.9860447307279243	0.9698435516314855	1.2801795663507403
T_L	0.0447234173118585	0.9847751905152684	0.9676307201513712	1.391759564610113


=== df_metric_summer ===
	nrmse	r	r2	rmse
T_C	0.05045208122484241	0.9352607454588164	0.8706723708651563	0.9686799595169743
T_i	0.0480423962877596	0.7346912400597032	0.5394260086289558	4.652313556576444
Tavg	0.10171903591083642	0.7601735267188238	0.4838200805232362	1.8302326180813402
T_L	0.0996318668867475	0.7487308340878494	0.47753671940072695	1.9447401206669068


=== lstm1_config ===
input_data_file: data/database/TempLSTM_database.csv
x_vars: ['tmmn', 'tmmx', 'pr', 'srad', 'bc_cannonsville_storage_pct', 'doy', 'QbcTavg_T_C']
y_vars: ['QbcTavg_T_C']
y_vars_src: ['tavg_water_cannonsville_src']
lag_days: 1
min_date: 1979-01-01
max_date: 2023-12-31
start_date_train: 1979-12-31
end_date_train: 2023-12-31
start_date_val: 2017-01-01
end_date_val: 2017-12-31
start_date_test: 2017-01-01
end_date_test: 2017-12-31
pre_train: True
fine_tune: True
learn_rate_pre: 0.05
learn_rate_fine: 0.05
n_epochs_pre: 50
n_epochs_fine: 350
early_stopping_patience: 50
hidden_units: 16
head_hidden_units: 16
head_n_distr: 1
weight_loss: True
weight_threshold: 20
weight_value: 2
mc_dropout: True
recurrent_dropout_rate: 0.3
dropout_rate: 0.1
seq_len: 365
offset: 1.0
seed: 4


=== lstm2_config ===
input_data_file: data/database/TempLSTM_database.csv
x_vars: ['tmmn', 'tmmx', 'pr', 'srad', 'QbcTavg_Q_i', 'doy', 'QbcTavg_T_i']
y_vars: ['QbcTavg_T_i']
y_vars_src: ['tavg_water_src']
lag_days: 1
min_date: 1979-01-01
max_date: 2023-12-31
start_date_train: 2006-12-31
end_date_train: 2023-12-31
start_date_val: 2017-01-01
end_date_val: 2017-12-31
start_date_test: 2017-01-01
end_date_test: 2017-12-31
pre_train: True
fine_tune: True
learn_rate_pre: 0.05
learn_rate_fine: 0.05
n_epochs_pre: 50
n_epochs_fine: 350
early_stopping_patience: 50
hidden_units: 16
head_hidden_units: 16
head_n_distr: 1
weight_loss: True
weight_threshold: 20
weight_value: 2
mc_dropout: True
recurrent_dropout_rate: 0.3
dropout_rate: 0.1
seq_len: 365
offset: 1.0
seed: 4
