subfolder: TempLSTM_Q_C
=== df_metric ===
	nrmse	r	r2	rmse
T_C	0.05931632480616221	0.9350013215368325	0.8684823959908446	1.4354550603091254
T_i	0.012075277718966822	0.9007480985332045	0.810973756876531	5.129889591883795
Tavg	0.04817216698112013	0.9822199333368404	0.9636302591479563	1.4062910201795173
T_L	0.04980064799319091	0.9802903781340575	0.9598877165401968	1.5497592164078005


=== df_metric_summer ===
	nrmse	r	r2	rmse
T_C	0.09210553496852047	0.7630349430629583	0.5737924181891463	1.768426271395593
T_i	0.0487556228319065	0.7307356667422825	0.5254448348279182	4.7213807509014325
Tavg	0.11843983651716437	0.6051099994433666	0.30021099270501994	2.131090312967096
T_L	0.11706022054759779	0.5929336044644966	0.2806430921835734	2.284928653317356


=== lstm1_config ===
input_data_file: data/database/TempLSTM_database.csv
x_vars: ['tmmn', 'tmmx', 'pr', 'srad', 'bc_cannonsville_storage_pct', 'doy', 'QbcTavg_Q_C']
y_vars: ['QbcTavg_T_C']
y_vars_src: ['tavg_water_cannonsville_src']
lag_days: 1
min_date: 1979-01-01
max_date: 2023-12-31
start_date_train: 1979-12-31
end_date_train: 2023-12-31
start_date_val: 2017-01-01
end_date_val: 2017-12-31
start_date_test: 2017-01-01
end_date_test: 2017-12-31
pre_train: True
fine_tune: True
learn_rate_pre: 0.05
learn_rate_fine: 0.05
n_epochs_pre: 50
n_epochs_fine: 350
early_stopping_patience: 50
hidden_units: 16
head_hidden_units: 16
head_n_distr: 1
weight_loss: True
weight_threshold: 20
weight_value: 2
mc_dropout: True
recurrent_dropout_rate: 0.3
dropout_rate: 0.1
seq_len: 365
offset: 1.0
seed: 4


=== lstm2_config ===
input_data_file: data/database/TempLSTM_database.csv
x_vars: ['tmmn', 'tmmx', 'pr', 'srad', 'QbcTavg_Q_i', 'doy', 'QbcTavg_Q_C']
y_vars: ['QbcTavg_T_i']
y_vars_src: ['tavg_water_src']
lag_days: 1
min_date: 1979-01-01
max_date: 2023-12-31
start_date_train: 2006-12-31
end_date_train: 2023-12-31
start_date_val: 2017-01-01
end_date_val: 2017-12-31
start_date_test: 2017-01-01
end_date_test: 2017-12-31
pre_train: True
fine_tune: True
learn_rate_pre: 0.05
learn_rate_fine: 0.05
n_epochs_pre: 50
n_epochs_fine: 350
early_stopping_patience: 50
hidden_units: 16
head_hidden_units: 16
head_n_distr: 1
weight_loss: True
weight_threshold: 20
weight_value: 2
mc_dropout: True
recurrent_dropout_rate: 0.3
dropout_rate: 0.1
seq_len: 365
offset: 1.0
seed: 4
