subfolder: TempLSTM_none
=== df_metric ===
	nrmse	r	r2	rmse
T_C	0.06706255464002074	0.9121079283332545	0.8310251783834368	1.622913822288502
T_i	0.012339528777451939	0.896225225597899	0.8025927138338028	5.242150260840323
Tavg	0.05226419615733024	0.9788487381867806	0.9571668299732309	1.525749708576745
T_L	0.05288763182280091	0.9775106510609449	0.9547371964633129	1.645823862825535


=== df_metric_summer ===
	nrmse	r	r2	rmse
T_C	0.10934159223414337	0.6346962042652938	0.392750681612024	2.0993585708955527
T_i	0.053758795619538016	0.659263618761958	0.4250496240838234	5.205876329481114
Tavg	0.12760292965566497	0.5608721044387494	0.1747568316552217	2.2959620284176996
T_L	0.12514105384075622	0.5524327081364985	0.16483213985328993	2.4426605236986427


=== lstm1_config ===
input_data_file: data/database/TempLSTM_database.csv
x_vars: ['tmmn', 'tmmx', 'pr', 'srad', 'bc_cannonsville_storage_pct', 'doy']
y_vars: ['QbcTavg_T_C']
y_vars_src: ['tavg_water_cannonsville_src']
lag_days: 1
min_date: 1979-01-01
max_date: 2023-12-31
start_date_train: 1979-12-31
end_date_train: 2023-12-31
start_date_val: 2017-01-01
end_date_val: 2017-12-31
start_date_test: 2017-01-01
end_date_test: 2017-12-31
pre_train: True
fine_tune: True
learn_rate_pre: 0.05
learn_rate_fine: 0.05
n_epochs_pre: 50
n_epochs_fine: 350
early_stopping_patience: 50
hidden_units: 16
head_hidden_units: 16
head_n_distr: 1
weight_loss: True
weight_threshold: 20
weight_value: 2
mc_dropout: True
recurrent_dropout_rate: 0.3
dropout_rate: 0.1
seq_len: 365
offset: 1.0
seed: 4


=== lstm2_config ===
input_data_file: data/database/TempLSTM_database.csv
x_vars: ['tmmn', 'tmmx', 'pr', 'srad', 'QbcTavg_Q_i', 'doy']
y_vars: ['QbcTavg_T_i']
y_vars_src: ['tavg_water_src']
lag_days: 1
min_date: 1979-01-01
max_date: 2023-12-31
start_date_train: 2006-12-31
end_date_train: 2023-12-31
start_date_val: 2017-01-01
end_date_val: 2017-12-31
start_date_test: 2017-01-01
end_date_test: 2017-12-31
pre_train: True
fine_tune: True
learn_rate_pre: 0.05
learn_rate_fine: 0.05
n_epochs_pre: 50
n_epochs_fine: 350
early_stopping_patience: 50
hidden_units: 16
head_hidden_units: 16
head_n_distr: 1
weight_loss: True
weight_threshold: 20
weight_value: 2
mc_dropout: True
recurrent_dropout_rate: 0.3
dropout_rate: 0.1
seq_len: 365
offset: 1.0
seed: 4
